HIEROBJ  EWORLD                                             NONE                
ROOT                                                                            
1.0000000000000E+00 0.000000000000E+00  0.000000000000E+00  0.000000000000E+00  
0.000000000000E+00  1.0000000000000E+00 0.000000000000E+00  0.000000000000E+00  
0.000000000000E+00  0.000000000000E+00  1.0000000000000E+00 0.000000000000E+00  
0.000000000000E+00  0.000000000000E+00  0.000000000000E+00  1.0000000000000E+00 
HIEROBJ  EHIEROBJECT1                                       NONE                
BODYNCBF  WORLD                                   BODY1                         
1.0000000000000E+00 0.000000000000E+00  0.000000000000E+00  0.000000000000E+00  
0.000000000000E+00  1.0000000000000E+00 0.000000000000E+00  0.000000000000E+00  
0.000000000000E+00  0.000000000000E+00  1.0000000000000E+00 0.000000000000E+00  
0.000000000000E+00  0.000000000000E+00  0.000000000000E+00  1.0000000000000E+00 
HIEROBJ  EHIEROBJECT2                                       NONE                
CGTRIAD   HIEROBJECT1                                                           
4.0755787704307E-01 2.2643562392826E-01 8.8466009578615E-01 0.000000000000E+00  
1.4570038533834E-01 9.4023435235876E-01 -3.077836258750E-01 0.000000000000E+00  
-9.014809895790E-01 2.5433495799973E-01 3.5020815890963E-01 0.000000000000E+00  
2.7188358160000E-02 -2.165221768000E-02 -5.146197718000E-02 1.0000000000000E+00 
HIEROBJ  EHIEROBJECT3                                       NONE                
BODYNCBF  WORLD                                   BODY2                         
1.0000000000000E+00 0.000000000000E+00  0.000000000000E+00  0.000000000000E+00  
0.000000000000E+00  1.0000000000000E+00 0.000000000000E+00  0.000000000000E+00  
0.000000000000E+00  0.000000000000E+00  1.0000000000000E+00 0.000000000000E+00  
0.000000000000E+00  0.000000000000E+00  0.000000000000E+00  1.0000000000000E+00 
HIEROBJ  EHIEROBJECT4                                       NONE                
CGTRIAD   HIEROBJECT3                                                           
-4.023109815100E-02 7.0727991323694E-01 7.0578791649695E-01 0.000000000000E+00  
-4.440279688166E-05 -7.063610490323E-01 7.0785172630880E-01 0.000000000000E+00  
9.9919040065943E-01 2.8446313319984E-02 2.8449085899986E-02 0.000000000000E+00  
9.5213604600000E-03 -8.341248000000E-05 5.5087492440000E-02 1.0000000000000E+00 
HIEROBJ  EHIEROBJECT5                                       NONE                
BODYNCBF  WORLD                                   BODY3                         
1.0000000000000E+00 0.000000000000E+00  0.000000000000E+00  0.000000000000E+00  
0.000000000000E+00  1.0000000000000E+00 0.000000000000E+00  0.000000000000E+00  
0.000000000000E+00  0.000000000000E+00  1.0000000000000E+00 0.000000000000E+00  
0.000000000000E+00  0.000000000000E+00  0.000000000000E+00  1.0000000000000E+00 
HIEROBJ  EHIEROBJECT6                                       NONE                
CGTRIAD   HIEROBJECT5                                                           
8.0854326361623E-01 -2.002864673191E-01 5.5330201686749E-01 0.000000000000E+00  
-3.283847365206E-01 6.2667125030868E-01 7.0671536622383E-01 0.000000000000E+00  
-4.882839908098E-01 -7.531058856797E-01 4.4091979913981E-01 0.000000000000E+00  
2.1225358180000E-02 2.0928582800000E-02 3.8842747630000E-02 1.0000000000000E+00 
HIEROBJ  EHIEROBJECT7                                       NONE                
BODYNCBF  WORLD                                   BODY4                         
1.0000000000000E+00 0.000000000000E+00  0.000000000000E+00  0.000000000000E+00  
0.000000000000E+00  1.0000000000000E+00 0.000000000000E+00  0.000000000000E+00  
0.000000000000E+00  0.000000000000E+00  1.0000000000000E+00 0.000000000000E+00  
0.000000000000E+00  0.000000000000E+00  0.000000000000E+00  1.0000000000000E+00 
HIEROBJ  EHIEROBJECT8                                       NONE                
CGTRIAD   HIEROBJECT7                                                           
1.0000000000000E+00 0.000000000000E+00  0.000000000000E+00  0.000000000000E+00  
0.000000000000E+00  1.0000000000000E+00 0.000000000000E+00  0.000000000000E+00  
0.000000000000E+00  0.000000000000E+00  1.0000000000000E+00 0.000000000000E+00  
0.000000000000E+00  0.000000000000E+00  0.000000000000E+00  1.0000000000000E+00 
HIEROBJ  EHIEROBJECT9                                       NONE                
JFCTRIAD  HIEROBJECT1                                                           
-1.000000000000E+00 1.2229800505636E-16 0.000000000000E+00  0.000000000000E+00  
1.2229800505636E-16 1.0000000000000E+00 -1.222980050564E-16 0.000000000000E+00  
0.000000000000E+00  -1.222980050564E-16 -1.000000000000E+00 0.000000000000E+00  
9.5000000000001E-03 -2.749999999987E-03 -5.195000033238E-02 1.0000000000000E+00 
HIEROBJ  EHIEROBJECT10                                      NONE                
JFCTRIAD  HIEROBJECT1                                                           
4.0755787704307E-01 2.2643562392826E-01 8.8466009578615E-01 0.000000000000E+00  
1.4570038533834E-01 9.4023435235876E-01 -3.077836258750E-01 0.000000000000E+00  
-9.014809895790E-01 2.5433495799973E-01 3.5020815890963E-01 0.000000000000E+00  
0.000000000000E+00  0.000000000000E+00  0.000000000000E+00  1.0000000000000E+00 
HIEROBJ  EHIEROBJECT11                                      NONE                
JFCTRIAD  HIEROBJECT1                                                           
4.0755787704307E-01 2.2643562392826E-01 8.8466009578615E-01 0.000000000000E+00  
1.4570038533834E-01 9.4023435235876E-01 -3.077836258750E-01 0.000000000000E+00  
-9.014809895790E-01 2.5433495799973E-01 3.5020815890963E-01 0.000000000000E+00  
2.7188358160000E-02 -2.165221768000E-02 -5.146197718000E-02 1.0000000000000E+00 
HIEROBJ  EHIEROBJECT12                                      NONE                
JFCTRIAD  HIEROBJECT3                                                           
1.0000000000000E+00 0.000000000000E+00  0.000000000000E+00  0.000000000000E+00  
0.000000000000E+00  1.0000000000000E+00 0.000000000000E+00  0.000000000000E+00  
0.000000000000E+00  0.000000000000E+00  1.0000000000000E+00 0.000000000000E+00  
1.7500000000000E-02 0.000000000000E+00  5.5170899999999E-02 1.0000000000000E+00 
HIEROBJ  EHIEROBJECT13                                      NONE                
JFCTRIAD  HIEROBJECT3                                                           
2.2204460492503E-16 0.000000000000E+00  -1.000000000000E+00 0.000000000000E+00  
0.000000000000E+00  1.0000000000000E+00 0.000000000000E+00  0.000000000000E+00  
1.0000000000000E+00 0.000000000000E+00  2.2204460492503E-16 0.000000000000E+00  
1.7500000000000E-02 0.000000000000E+00  5.5170899999999E-02 1.0000000000000E+00 
HIEROBJ  EHIEROBJECT14                                      NONE                
JFCTRIAD  HIEROBJECT3                                                           
-4.023109815100E-02 7.0727991323694E-01 7.0578791649695E-01 0.000000000000E+00  
-4.440279688159E-05 -7.063610490323E-01 7.0785172630880E-01 0.000000000000E+00  
9.9919040065943E-01 2.8446313319984E-02 2.8449085899986E-02 0.000000000000E+00  
0.000000000000E+00  0.000000000000E+00  0.000000000000E+00  1.0000000000000E+00 
HIEROBJ  EHIEROBJECT15                                      NONE                
JFCTRIAD  HIEROBJECT3                                                           
-4.023109815100E-02 7.0727991323694E-01 7.0578791649695E-01 0.000000000000E+00  
-4.440279688159E-05 -7.063610490323E-01 7.0785172630880E-01 0.000000000000E+00  
9.9919040065943E-01 2.8446313319984E-02 2.8449085899986E-02 0.000000000000E+00  
9.5213604600000E-03 -8.341248000000E-05 5.5087492440000E-02 1.0000000000000E+00 
HIEROBJ  EHIEROBJECT16                                      NONE                
JFCTRIAD  HIEROBJECT5                                                           
1.0000000000000E+00 0.000000000000E+00  0.000000000000E+00  0.000000000000E+00  
0.000000000000E+00  1.0000000000000E+00 0.000000000000E+00  0.000000000000E+00  
0.000000000000E+00  0.000000000000E+00  1.0000000000000E+00 0.000000000000E+00  
1.3500000000000E-02 2.7500000000056E-03 3.8049999667621E-02 1.0000000000000E+00 
HIEROBJ  EHIEROBJECT17                                      NONE                
JFCTRIAD  HIEROBJECT5                                                           
8.0854326361623E-01 -2.002864673191E-01 5.5330201686749E-01 0.000000000000E+00  
-3.283847365206E-01 6.2667125030868E-01 7.0671536622383E-01 0.000000000000E+00  
-4.882839908098E-01 -7.531058856797E-01 4.4091979913981E-01 0.000000000000E+00  
0.000000000000E+00  0.000000000000E+00  0.000000000000E+00  1.0000000000000E+00 
HIEROBJ  EHIEROBJECT18                                      NONE                
JFCTRIAD  HIEROBJECT5                                                           
8.0854326361623E-01 -2.002864673191E-01 5.5330201686749E-01 0.000000000000E+00  
-3.283847365206E-01 6.2667125030868E-01 7.0671536622383E-01 0.000000000000E+00  
-4.882839908098E-01 -7.531058856797E-01 4.4091979913981E-01 0.000000000000E+00  
2.1225358180000E-02 2.0928582800000E-02 3.8842747630000E-02 1.0000000000000E+00 
HIEROBJ  EHIEROBJECT19                                      NONE                
JFCTRIAD  HIEROBJECT7                                                           
1.0000000000000E+00 0.000000000000E+00  0.000000000000E+00  0.000000000000E+00  
0.000000000000E+00  1.0000000000000E+00 0.000000000000E+00  0.000000000000E+00  
0.000000000000E+00  0.000000000000E+00  1.0000000000000E+00 0.000000000000E+00  
1.7500000000000E-02 0.000000000000E+00  5.5170899999999E-02 1.0000000000000E+00 
HIEROBJ  EHIEROBJECT20                                      NONE                
JFCTRIAD  HIEROBJECT7                                                           
2.2204460492503E-16 0.000000000000E+00  -1.000000000000E+00 0.000000000000E+00  
0.000000000000E+00  1.0000000000000E+00 0.000000000000E+00  0.000000000000E+00  
1.0000000000000E+00 0.000000000000E+00  2.2204460492503E-16 0.000000000000E+00  
1.7500000000000E-02 0.000000000000E+00  5.5170899999999E-02 1.0000000000000E+00 
HIEROBJ  EHIEROBJECT21                                      NONE                
JFCTRIAD  HIEROBJECT7                                                           
1.0000000000000E+00 0.000000000000E+00  0.000000000000E+00  0.000000000000E+00  
0.000000000000E+00  1.0000000000000E+00 0.000000000000E+00  0.000000000000E+00  
0.000000000000E+00  0.000000000000E+00  1.0000000000000E+00 0.000000000000E+00  
1.3500000000000E-02 2.7500000000056E-03 3.8049999667621E-02 1.0000000000000E+00 
HIEROBJ  EHIEROBJECT22                                      NONE                
JFCTRIAD  HIEROBJECT7                                                           
-1.000000000000E+00 1.2229800505636E-16 0.000000000000E+00  0.000000000000E+00  
1.2229800505636E-16 1.0000000000000E+00 -1.222980050564E-16 0.000000000000E+00  
0.000000000000E+00  -1.222980050564E-16 -1.000000000000E+00 0.000000000000E+00  
9.5000000000001E-03 -2.749999999987E-03 -5.195000033238E-02 1.0000000000000E+00 
HIEROBJ  EHIEROBJECT23                                      NONE                
JFCTRIAD  HIEROBJECT7                                                           
1.0000000000000E+00 0.000000000000E+00  0.000000000000E+00  0.000000000000E+00  
0.000000000000E+00  1.0000000000000E+00 0.000000000000E+00  0.000000000000E+00  
0.000000000000E+00  0.000000000000E+00  1.0000000000000E+00 0.000000000000E+00  
0.000000000000E+00  0.000000000000E+00  0.000000000000E+00  1.0000000000000E+00 
NAMEMAP   WORLD               5    5    UTF8 UTF8 ELEMENT                       
WORLD                                                                           
WORLD                                                                           
NAMEMAP   HIEROBJECT1         14   14   UTF8 UTF8 ELEMENT                       
left/left_NCBF                                                                  
left/left_NCBF                                                                  
NAMEMAP   HIEROBJECT2         12   12   UTF8 UTF8 ELEMENT                       
left/left_cm                                                                    
left/left_cm                                                                    
NAMEMAP   HIEROBJECT3         18   18   UTF8 UTF8 ELEMENT                       
pulley/pulley_NCBF                                                              
pulley/pulley_NCBF                                                              
NAMEMAP   HIEROBJECT4         16   16   UTF8 UTF8 ELEMENT                       
pulley/pulley_cm                                                                
pulley/pulley_cm                                                                
NAMEMAP   HIEROBJECT5         16   16   UTF8 UTF8 ELEMENT                       
right/right_NCBF                                                                
right/right_NCBF                                                                
NAMEMAP   HIEROBJECT6         14   14   UTF8 UTF8 ELEMENT                       
right/right_cm                                                                  
right/right_cm                                                                  
NAMEMAP   HIEROBJECT7         26   26   UTF8 UTF8 ELEMENT                       
the_ground/the_ground_NCBF                                                      
the_ground/the_ground_NCBF                                                      
NAMEMAP   HIEROBJECT8         13   13   UTF8 UTF8 ELEMENT                       
the_ground_cm                                                                   
the_ground_cm                                                                   
NAMEMAP   HIEROBJECT9         4    11   UTF8 UTF8 ELEMENT                       
3/96                                                                            
left/J003_i                                                                     
NAMEMAP   HIEROBJECT10        13   13   UTF8 UTF8 ELEMENT                       
left/left_coi                                                                   
left/left_coi                                                                   
NAMEMAP   HIEROBJECT11        13   13   UTF8 UTF8 ELEMENT                       
left/left_com                                                                   
left/left_com                                                                   
NAMEMAP   HIEROBJECT12        8    15   UTF8 UTF8 ELEMENT                       
Drv001_i                                                                        
pulley/Drv001_i                                                                 
NAMEMAP   HIEROBJECT13        5    13   UTF8 UTF8 ELEMENT                       
27/51                                                                           
pulley/J001_i                                                                   
NAMEMAP   HIEROBJECT14        17   17   UTF8 UTF8 ELEMENT                       
pulley/pulley_coi                                                               
pulley/pulley_coi                                                               
NAMEMAP   HIEROBJECT15        17   17   UTF8 UTF8 ELEMENT                       
pulley/pulley_com                                                               
pulley/pulley_com                                                               
NAMEMAP   HIEROBJECT16        5    12   UTF8 UTF8 ELEMENT                       
15/75                                                                           
right/J002_i                                                                    
NAMEMAP   HIEROBJECT17        15   15   UTF8 UTF8 ELEMENT                       
right/right_coi                                                                 
right/right_coi                                                                 
NAMEMAP   HIEROBJECT18        15   15   UTF8 UTF8 ELEMENT                       
right/right_com                                                                 
right/right_com                                                                 
NAMEMAP   HIEROBJECT19        8    19   UTF8 UTF8 ELEMENT                       
Drv001_j                                                                        
the_ground/Drv001_j                                                             
NAMEMAP   HIEROBJECT20        4    17   UTF8 UTF8 ELEMENT                       
2/52                                                                            
the_ground/J001_j                                                               
NAMEMAP   HIEROBJECT21        4    17   UTF8 UTF8 ELEMENT                       
2/76                                                                            
the_ground/J002_j                                                               
NAMEMAP   HIEROBJECT22        4    17   UTF8 UTF8 ELEMENT                       
2/97                                                                            
the_ground/J003_j                                                               
NAMEMAP   HIEROBJECT23        1    14   UTF8 UTF8 ELEMENT                       
1                                                                               
the_ground/gnd                                                                  
NAMEMAP   CURRENT_DIRECTORY   64   0    UTF8 UTF8 FILE                          
C:\Users\angus\OneDrive\School\Senior Design\CaTable\Mount_Pixie                
SYSTEM   GMETER               DYNAMIC             SPARSE    FULL_NCBF      TRUE 
9.8066500000000E+00 0.000000000000E+00  0.000000000000E+00  -1.000000000000E+00 
0.000000000000E+00  0.000000000000E+00  1.0000000000000E+01 1.0000000000000E-02 
1.0000000000000E-09 1.0000000000000E-03 NULL_FALSEBINARY_ONLFALSEKILOGNEWTO    1
NONE                NONE                    1NONE                TRUE ITERAFALSE
NONE                NONE                                                        
NONE                                                                            
HEADER                                                                          
SET_IASIZE =    5000000;                                                        
SET_DASIZE =    5000000;                                                        
SDK_BUILD_INFO = RC2206_4000 2022-07-19                                         
END                                                                             
DYNAMIC  ETRUE      INTERPOLATED        GLOBAL    BDF           1     HARWELL   
5.0000000000000E-02 1.0000000000000E-03 1.0000000000000E-03 1.0000000000000E-03 
NONE                QR       1TRUE                                              
PRELOAD  F          0.000000000000E+00      0                                   
NONE                                                                            
NONE                                                                            
NCBF     EBODY1_REF           BODY1               PARAMETERSPOSITIVE            
HIEROBJECT1                                                                     
0.000000000000E+00  0.000000000000E+00  0.000000000000E+00                      
BODY     EBODY1               POSITIVE  PARAMETERSFALSEFALSEFALSEFALSE          
NONE                NONE                NONE                                    
NONE                NONE                NONE                                    
HIEROBJECT2                                                                     
0.000000000000E+00  0.000000000000E+00  0.000000000000E+00                      
9.9964796520000E-02 2.4975780000000E-05 2.2037380000000E-05 1.3784570000000E-05 
0.000000000000E+00  0.000000000000E+00  0.000000000000E+00                      
0.000000000000E+00  0.000000000000E+00  0.000000000000E+00  FALSE               
0.000000000000E+00  0.000000000000E+00  0.000000000000E+00                      
NCBF     EBODY2_REF           BODY2               PARAMETERSPOSITIVE            
HIEROBJECT3                                                                     
0.000000000000E+00  0.000000000000E+00  0.000000000000E+00                      
BODY     EBODY2               POSITIVE  PARAMETERSFALSEFALSEFALSEFALSE          
NONE                NONE                NONE                                    
NONE                NONE                NONE                                    
HIEROBJECT4                                                                     
0.000000000000E+00  0.000000000000E+00  0.000000000000E+00                      
2.3632525500000E-03 6.4750000000000E-08 6.4680000000000E-08 4.3800000000000E-08 
0.000000000000E+00  0.000000000000E+00  0.000000000000E+00                      
0.000000000000E+00  0.000000000000E+00  0.000000000000E+00  FALSE               
0.000000000000E+00  0.000000000000E+00  0.000000000000E+00                      
NCBF     EBODY3_REF           BODY3               PARAMETERSPOSITIVE            
HIEROBJECT5                                                                     
0.000000000000E+00  0.000000000000E+00  0.000000000000E+00                      
BODY     EBODY3               POSITIVE  PARAMETERSFALSEFALSEFALSEFALSE          
NONE                NONE                NONE                                    
NONE                NONE                NONE                                    
HIEROBJECT6                                                                     
0.000000000000E+00  0.000000000000E+00  0.000000000000E+00                      
7.1833222320000E-02 1.2693220000000E-05 9.3136200000000E-06 7.9141600000000E-06 
0.000000000000E+00  0.000000000000E+00  0.000000000000E+00                      
0.000000000000E+00  0.000000000000E+00  0.000000000000E+00  FALSE               
0.000000000000E+00  0.000000000000E+00  0.000000000000E+00                      
NCBF     EBODY4_REF           BODY4               PARAMETERSPOSITIVE            
HIEROBJECT7                                                                     
0.000000000000E+00  0.000000000000E+00  0.000000000000E+00                      
BODY     EBODY4               POSITIVE  PARAMETERSTRUE FALSEFALSEFALSE          
NONE                NONE                NONE                                    
NONE                NONE                NONE                                    
HIEROBJECT8                                                                     
0.000000000000E+00  0.000000000000E+00  0.000000000000E+00                      
1.0000000000000E+00 1.0000000000000E+00 1.0000000000000E+00 1.0000000000000E+00 
0.000000000000E+00  0.000000000000E+00  0.000000000000E+00                      
0.000000000000E+00  0.000000000000E+00  0.000000000000E+00  FALSE               
0.000000000000E+00  0.000000000000E+00  0.000000000000E+00                      
REVOLUTE EREVOLUTE_JOINT1     BODY4               BODY2                         
HIEROBJECT20                                                                    
HIEROBJECT13                                                                    
0.000000000000E+00  0.000000000000E+00  1.0000000000000E+00                     
0.000000000000E+00  0.000000000000E+00  1.0000000000000E+00                     
1.0000000000000E+00 0.000000000000E+00  0.000000000000E+00                      
1.0000000000000E+00 0.000000000000E+00  0.000000000000E+00                      
TRANS    ETRANS_JOINT1        BODY4               BODY3                         
HIEROBJECT21                                                                    
HIEROBJECT16                                                                    
0.000000000000E+00  0.000000000000E+00  1.0000000000000E+00                     
0.000000000000E+00  0.000000000000E+00  1.0000000000000E+00                     
1.0000000000000E+00 0.000000000000E+00  0.000000000000E+00                      
1.0000000000000E+00 0.000000000000E+00  0.000000000000E+00                      
TRANS    ETRANS_JOINT2        BODY4               BODY1                         
HIEROBJECT22                                                                    
HIEROBJECT9                                                                     
0.000000000000E+00  0.000000000000E+00  1.0000000000000E+00                     
0.000000000000E+00  0.000000000000E+00  1.0000000000000E+00                     
1.0000000000000E+00 0.000000000000E+00  0.000000000000E+00                      
1.0000000000000E+00 0.000000000000E+00  0.000000000000E+00                      
DRIVER   GDRIVER_6DOF1        BODY2               BODY4                         
SIXDOF    SUCCESSIVEACTIV                                                       
HIEROBJECT12        HIEROBJECT19        POSITPOSITPOSITPOSITPOSITPOSIT          
NONE                NONE                NONE                NONE                
0.000000000000E+00  0.000000000000E+00  0.000000000000E+00  0.000000000000E+00  
NONE                NONE                NONE                NONE                
0.000000000000E+00  0.000000000000E+00  0.000000000000E+00  0.000000000000E+00  
NONE                NONE                NONE                NONE                
0.000000000000E+00  0.000000000000E+00  0.000000000000E+00  0.000000000000E+00  
POLYNOMIAL          NONE                NONE                NONE                
0.000000000000E+00  7.8539816339745E+00 -4.363323129986E-01 0.000000000000E+00  
NONE                NONE                NONE                NONE                
0.000000000000E+00  0.000000000000E+00  0.000000000000E+00  0.000000000000E+00  
NONE                NONE                NONE                NONE                
0.000000000000E+00  0.000000000000E+00  0.000000000000E+00  0.000000000000E+00  
0.000000000000E+00  0.000000000000E+00  0.000000000000E+00  0.000000000000E+00  
0.000000000000E+00  0.000000000000E+00                                          
RELATIVE GRELCON_3BODY1       TRANSLATIOANGLE                   3               
BODY3               BODY4               BODY4               BODY2               
HIEROBJECT16                                                COEFFICIENCONSTCONST
HIEROBJECT21                                                NONE                
HIEROBJECT20                                                NONE                
HIEROBJECT13                                                NONE                
0.000000000000E+00  0.000000000000E+00  1.0000000000000E+00                     
0.000000000000E+00  0.000000000000E+00  1.0000000000000E+00                     
0.000000000000E+00  0.000000000000E+00  1.0000000000000E+00                     
0.000000000000E+00  0.000000000000E+00  1.0000000000000E+00                     
1.0000000000000E+00 0.000000000000E+00  0.000000000000E+00                      
1.0000000000000E+00 0.000000000000E+00  0.000000000000E+00                      
1.0000000000000E+00 0.000000000000E+00  0.000000000000E+00                      
1.0000000000000E+00 0.000000000000E+00  0.000000000000E+00                      
-1.000000000000E+00 2.7500000000000E-03 0.000000000000E+00  0.000000000000E+00  
RELATIVE GRELCON_3BODY2       TRANSLATIOANGLE                   3               
BODY1               BODY4               BODY4               BODY2               
HIEROBJECT9                                                 COEFFICIENCONSTCONST
HIEROBJECT22                                                NONE                
HIEROBJECT20                                                NONE                
HIEROBJECT13                                                NONE                
0.000000000000E+00  0.000000000000E+00  1.0000000000000E+00                     
0.000000000000E+00  0.000000000000E+00  1.0000000000000E+00                     
0.000000000000E+00  0.000000000000E+00  1.0000000000000E+00                     
0.000000000000E+00  0.000000000000E+00  1.0000000000000E+00                     
1.0000000000000E+00 0.000000000000E+00  0.000000000000E+00                      
1.0000000000000E+00 0.000000000000E+00  0.000000000000E+00                      
1.0000000000000E+00 0.000000000000E+00  0.000000000000E+00                      
1.0000000000000E+00 0.000000000000E+00  0.000000000000E+00                      
-1.000000000000E+00 2.7500000000000E-03 0.000000000000E+00  0.000000000000E+00  
NAMEMAP   SYSTEM_DATA1        11   11   UTF8 UTF8 ELEMENT                       
Mandatory:1                                                                     
Mandatory:1                                                                     
NAMEMAP   DYNAMIC_DATA1       11   11   UTF8 UTF8 ELEMENT                       
Mandatory:2                                                                     
Mandatory:2                                                                     
NAMEMAP   PRELOAD_DATA1       11   11   UTF8 UTF8 ELEMENT                       
Mandatory:5                                                                     
Mandatory:5                                                                     
NAMEMAP   BODY1               4    4    UTF8 UTF8 ELEMENT                       
left                                                                            
left                                                                            
NAMEMAP   BODY1_REF           8    8    UTF8 UTF8 ELEMENT                       
left_REF                                                                        
left_REF                                                                        
NAMEMAP   BODY2               6    6    UTF8 UTF8 ELEMENT                       
pulley                                                                          
pulley                                                                          
NAMEMAP   BODY2_REF           10   10   UTF8 UTF8 ELEMENT                       
pulley_REF                                                                      
pulley_REF                                                                      
NAMEMAP   BODY3               5    5    UTF8 UTF8 ELEMENT                       
right                                                                           
right                                                                           
NAMEMAP   BODY3_REF           9    9    UTF8 UTF8 ELEMENT                       
right_REF                                                                       
right_REF                                                                       
NAMEMAP   BODY4               10   10   UTF8 UTF8 ELEMENT                       
the_ground                                                                      
the_ground                                                                      
NAMEMAP   BODY4_REF           14   14   UTF8 UTF8 ELEMENT                       
the_ground_REF                                                                  
the_ground_REF                                                                  
NAMEMAP   REVOLUTE_JOINT1     4    4    UTF8 UTF8 ELEMENT                       
J001                                                                            
J001                                                                            
NAMEMAP   TRANS_JOINT1        4    4    UTF8 UTF8 ELEMENT                       
J002                                                                            
J002                                                                            
NAMEMAP   TRANS_JOINT2        4    4    UTF8 UTF8 ELEMENT                       
J003                                                                            
J003                                                                            
NAMEMAP   DRIVER_6DOF1        6    6    UTF8 UTF8 ELEMENT                       
Drv001                                                                          
Drv001                                                                          
NAMEMAP   RELCON_3BODY1       6    6    UTF8 UTF8 ELEMENT                       
RightJ                                                                          
RightJ                                                                          
NAMEMAP   RELCON_3BODY2       5    5    UTF8 UTF8 ELEMENT                       
leftJ                                                                           
leftJ                                                                           
